focal_length: 3.65

optimized_matrix:
- - 646.1941162109375
  - 0.0
  - 302.86540857947637
- - 0.0
  - 642.43798828125
  - 246.21401846818773
- - 0.0
  - 0.0
  - 1.0
optimized_res:
- 640
- 480