focal_length: 2.2

optimized_matrix:
- - 447.51021972656247
  - 0.0
  - 517.7479408441607
- - 0.0
  - 449.4185620117188
  - 366.4025343122231
- - 0.0
  - 0.0
  - 1.0

optimized_res:
- 1024
- 768
